30
404
412
579
225
624
384
624
243
291
182
286
476
840
241
58
284
660
880
975
58
957
360
371
948
869
484
129
392
846
773
905
362
225
853
621
758
298
248
725
808
902
29
485
274
519
305
293
406
655
790
865
901
292
466
610
664
627
538
446
541
896
688
11
667
948
274
50
233
224
46
33
205
41
755
801
753
668
353
706
682
412
812
147
459
194
269
934
63
613
777
979
783
810
342
356
51
221
692
546
572
905
152
990
145
228
687
66
304
911
704
65
624
284
851
763
252
64
689
470
722
436
339
978
957
726
752
619
969
334
665
389
893
638
336
411
997
160
233
480
216
127
303
890
631
263
353
795
768
326
111
330
497
111
904
825
177
572
861
392
532
980
300
923
53
510
525
168
177
637
649
843
121
292
325
149
992
748
617
154
998
731
77
74
668
527
230
738
985
532
774
788
901
266
10
92
180
402
648
45
525
634
432
251
83
567
338
562
43
779
176
47
671
752
62
710
635
980
623
996
502
581
58
61
660
398
525
441
369
378
720
274
464
768
157
937
669
440
142
225
80
270
416
820
19
652
695
462
845
405
162
943
513
183
673
988
512
296
116
808
454
901
525
303
76
830
712
427
953
654
626
291
446
842
496
112
778
952
842
538
476
146
544
827
839
595
275
25
211
985
599
170
305
83
703
100
23
717
530
851
973
746
213
286
375
458
425
931
116
732
222
594
214
957
704
424
275
633
217
77
467
897
871
32
227
670
127
9
90
501
122
935
42
508
415
27
217
19
986
581
776
559
324
966
404
459
426
878
115
832
778
566
41
871
371
800
796
356
60
126
181
893
240
705
440
986
745
475
445
536
507
502
936
793
490
742
45
455
270
397
161
753
630
62
349
620
83
644
92
629
231
531
855
246
789
551
951
791
106
340
419
959
396
430
506
819
762
459
723
383
109
21
411
283
910
115
159
799
72
635
394
770
526
449
954
87
144
699
862
785
98
552
546
345
70
470
207
45
412
867
604
323
662
926
674
799
681
495
590
169
177
140
792
314
995
390
276
816
761
972
662
857
714
950
428
693
328
20
191
366
566
399
281
764
122
48
421
932
167
953
420
665
550
129
36
54
918
548
438
11
409
489
647
918
945
125
247
875
211
849
113
7
818
8
930
66
63
460
702
107
289
153
239
96
423
401
455
110
965
25
408
350
167
740
777
137
639
655
540
405
837
557
902
680
688
788
847
532
72
832
227
772
893
510
832
214
805
356
273
553
738
215
346
689
659
276
820
9
109
259
499
200
872
809
919
656
390
357
216
339
42
366
981
398
526
122
263
874
247
690
57
552
533
188
691
293
53
785
512
983
129
409
900
359
292
635
330
159
534
10
572
302
183
396
220
249
353
68
251
109
150
235
273
226
572
698
540
66
598
715
324
834
334
793
174
80
615
133
271
510
192
723
572
414
13
324
168
311
776
876
174
54
689
119
959
792
241
16
877
551
317
650
465
595
585
547
803
739
443
998
848
285
594
527
224
770
599
380
785
893
122
290
454
558
584
838
356
185
619
94
270
700
315
7
415
786
908
255
457
353
384
989
435
315
670
296
424
179
546
166
998
566
880
271
940
340
403
952
672
134
483
332
175
339
471
264
622
22
22
253
393
578
660
468
378
689
507
725
420
785
544
577
312
152
464
993
296
993
723
622
922
623
0
346
632
2
745
270
270
640
807
790
219
245
273
394
291
822
890
118
347
907
825
109
127
35
988
313
610
284
199
70
788
195
802
736
104
793
409
169
46
999
840
864
430
291
998
23
527
619
761
835
695
273
163
857
883
320
492
71
785
390
31
889
524
651
681
550
104
529
512
242
911
20
624
156
412
595
692
515
637
8
531
148
302
252
648
215
524
671
406
324
614
359
732
968
819
46
126
284
336
897
181
63
257
342
56
331
595
910
290
790
983
708
997
10
665
620
911
478
961
543
164
574
777
646
357
329
865
997
16
418
552
226
320
810
516
934
30
731
372
396
504
136
123
927
657
659
863
257
433
471
843
113
54
543
770
348
42
294
126
839
696
881
928
20
914
489
88
252
300
454
415
620
590
441
354
434
702
480
866
986
700
616
90
116
362
165
281
504
700
14
497
469
436
47
455
654
258
942
876
543
618
274
819
254
885
425
244
21
716
610
224
39
514
938
590
81
234
826
278
491
786
776
916
575
206
45
782
145
656
608
753
311
358
953
34
915
500
104
329
199
516
863
914
985
987
525
967
255
814
893
152
860
372
630
821
564
830
916
